
0 76 1210 399 194 1102 218 805 537 620 1228 707 840 283 736 373 1374 780 
76 0 1254 270 105 868 128 710 408 526 1231 745 720 152 672 238 1420 671 
1210 1254 0 844 1016 213 1104 546 531 414 105 311 278 826 371 741 183 550 
399 270 844 0 116 529 144 301 156 210 606 349 399 73 384 23 703 334 
194 105 1016 116 0 754 37 592 324 370 1070 435 643 39 493 130 1180 578 
1102 868 213 529 754 0 697 351 328 163 96 122 75 642 156 581 201 318 
218 128 1104 144 37 697 0 527 288 390 1036 475 662 65 510 145 1185 552 
805 710 546 301 592 351 527 0 97 69 511 123 214 393 128 337 585 26 
537 408 531 156 324 328 288 97 0 35 462 120 196 211 95 184 486 95 
620 526 414 210 370 163 390 69 35 0 392 27 90 298 20 273 453 77 
1228 1231 105 606 1070 96 1036 511 462 392 0 208 188 778 289 724 100 488 
707 745 311 349 435 122 475 123 120 27 208 0 59 398 15 368 374 178 
840 720 278 399 643 75 662 214 196 90 188 59 0 410 72 422 304 232 
283 152 826 73 39 642 65 393 211 298 778 398 410 0 336 59 885 358 
736 672 371 384 493 156 510 128 95 20 289 15 72 336 0 339 415 207 
373 238 741 23 130 581 145 337 184 273 724 368 422 59 339 0 999 403 
1374 1420 183 703 1180 201 1185 585 486 453 100 374 304 885 415 999 0 552 
780 671 550 334 578 318 552 26 95 77 488 178 232 358 207 403 552 0 